1154
1324
1374
1383
1388
1447
1461
1466
1530
1534
1539
1544
1548
1553
1558
1567
1602
1617
1639
1644
1645
1659
1662
1667
1672
1677
1681
1691
1694
1695
1700
1705
1706
1709
1710
1715
1716
1717
1719
1720
1721
1724
1725
1726
1728
1732
1733
1735
1736
1737
1739
1741
1742
1743
1744
1749
1750
1751
1753
1754
1757
1758
1761
1762
1763
1765
1766
1767
1769
1770
1772
1773
1775
1777
1782
1785
1786
1787
1789
1794
1797
1798
1799
1800
1801
1803
1804
1806
1807
1812
1813
1815
1816
1819
1821
1824
1827
1828
1829
1830
1831
1832
1833
1837
1838
1839
1843
1845
1847
1848
1849
1850
1851
1852
1853
1854
1858
1859
1861
1864
1866
1870
1871
1875
1877
1878
1879
1880
1881
1883
1887
1891
1894
1896
1899
1900
1902
1903
1906
1907
1909
1911
1912
1916
1919
1920
1921
1922
1923
1924
1926
1927
1929
1930
1934
1935
1936
1942
1944
1945
1946
1948
1950
1951
1952
1957
1959
1964
1965
1966
1968
1972
1975
1976
1978
1979
1980
1981
1982
1985
1986
1989
1991
1993
1997
2000
2003
2004
2005
2006
2008
2010
267
307
321
523
551
789
917
946